290,328,296,313,310,278,315,266,332,226,340,208,349,196,353,192,356,195,359,201,369,221,376,236,385,253,396,272,407,292,415,304,423,315,435,328,438,332,443,335,432,331,404,323,379,315,359,310,346,306,328,303,316,298,304,294,292,291,288,288,282,285,274,282,289,278,310,275,335,271,356,267,375,263,397,258,418,254,408,264,399,268,392,273,379,278,374,282,365,288,360,293,355,296,349,300,343,303,330,306,319,310,312,313,304,316
590,90,578,94,570,102,565,107,557,114,554,117,550,121,553,146,558,150,566,154,575,158,580,162,595,165,613,160,617,157,620,154,623,151,626,138,630,125,633,117,630,111,623,102,615,95,609,91,606,88,593,85
573,157,568,161,562,166,552,175,540,186,528,196,516,206,509,211,506,214
618,162,624,165,627,168,632,172,636,175,640,178,645,181,653,184,666,188,673,191,680,194
553,185,559,188,563,191,566,195,569,201,573,204,576,207,580,214,583,221,586,227,589,238,592,243,595,248,599,244,603,238,606,233,609,226,613,218,616,207,620,198,623,195,626,186,629,180
595,251,590,254,587,257,584,263,580,267,576,274,572,281,568,286,565,293,560,298,556,303
597,252,609,258,612,262,615,270,618,274,622,277,627,282,630,287,633,292,637,295,644,300
190,271,196,267,200,264,206,260,209,252,212,246,209,215,206,201,203,191,199,186,195,183,190,178,184,175,179,172,175,167,172,164,177,158,204,161,208,166,212,170,215,173,218,177,222,185,225,191,228,182,234,175,237,171,242,161,245,155,266,158,263,165,260,170,255,180,252,187,249,192,246,224,249,263,252,266,255,270
210,213,178,208,173,205,168,202,165,198,160,193,157,188,153,183,150,177,147,172,142,160,137,148,142,114,146,110,156,101,175,83,185,73,269,76,274,80,278,84,282,90,285,95,292,104,296,113,300,128,303,136,300,166,297,176,294,181,289,184,282,187,279,190,272,195,265,200,256,204
PENTAGON,CIRCLE,CURL,CURL,TRIANGLE,CURL,CURL,CIRCLE,PENTAGON,
